results = [
0 2 80 3.5728e-07
1 2 80 3.538e-07
2 1 32 3.3637e-07
] ; resid = 0 ;
lnz = 5 ;
t = 9.282e-08 ;   % dense solve time
